
================== BFI Report ==================
-------------------------------------
| Present BFI     | Missing BFI     |
-------------------------------------
| 26              | 1               |
| 27              | 2               |
| 28              | 3               |
| 29              | 4               |
| 303             | 5               |
| 304             | 6               |
| 305             | 7               |
| 306             | 8               |
| 307             | 9               |
| 308             | 10              |
| 309             | 11              |
| 310             | 12              |
| 311             | 13              |
| 312             | 14              |
| 313             | 15              |
| 314             | 16              |
| 315             | 17              |
| 316             | 18              |
| 317             | 19              |
| 318             | 20              |
| 319             | 21              |
| 320             | 22              |
| 321             | 23              |
| 322             | 24              |
| 323             | 25              |
| 324             | 30              |
| 325             | 31              |
| 326             | 32              |
| 327             | 33              |
| 328             | 34              |
| 329             | 35              |
| 330             | 36              |
| 331             | 37              |
| 332             | 38              |
| 333             | 39              |
| 334             | 40              |
| 336             | 41              |
| 337             | 42              |
| 338             | 43              |
| 339             | 44              |
| 340             | 45              |
| 347             | 46              |
| 348             | 47              |
| 349             | 48              |
| 350             | 49              |
| 351             | 50              |
| 352             | 51              |
| 353             | 52              |
| 354             | 53              |
| 355             | 54              |
| 356             | 55              |
| 357             | 56              |
| 358             | 57              |
| 359             | 58              |
| 360             | 59              |
| 361             | 60              |
| 362             | 61              |
| 363             | 62              |
| 364             | 63              |
| 365             | 64              |
| 366             | 65              |
| 367             | 66              |
| 368             | 67              |
| 369             | 68              |
| 370             | 69              |
| 371             | 70              |
| 372             | 71              |
| 373             | 72              |
| 374             | 73              |
| 375             | 74              |
| 376             | 75              |
| 377             | 76              |
| 378             | 77              |
| 379             | 78              |
| 380             | 79              |
| 381             | 80              |
| 382             | 81              |
| 383             | 82              |
| 384             | 83              |
| 385             | 84              |
| 386             | 85              |
| 387             | 86              |
| 388             | 87              |
| 389             | 88              |
| 390             | 89              |
| 391             | 90              |
| 392             | 91              |
| 393             | 92              |
| 394             | 93              |
| 395             | 94              |
| 396             | 95              |
| 397             | 96              |
| 398             | 97              |
| 399             | 98              |
| 400             | 99              |
| 401             | 100             |
| 402             | 101             |
| 403             | 102             |
| 404             | 103             |
| 405             | 104             |
| 406             | 105             |
| 407             | 106             |
| 408             | 107             |
| 409             | 108             |
| 410             | 109             |
| 411             | 110             |
| 412             | 111             |
| 413             | 112             |
| 414             | 113             |
| 415             | 114             |
| 416             | 115             |
| 417             | 116             |
| 418             | 117             |
| 419             | 118             |
| 420             | 119             |
| 421             | 120             |
| 422             | 121             |
| 423             | 122             |
| 424             | 123             |
| 425             | 124             |
| 426             | 125             |
| 427             | 126             |
| 428             | 127             |
| 429             | 128             |
| 430             | 129             |
| 431             | 130             |
| 432             | 131             |
| 433             | 132             |
| 434             | 133             |
| 435             | 134             |
| 436             | 135             |
| 437             | 136             |
| 438             | 137             |
| 439             | 138             |
| 440             | 139             |
| 441             | 140             |
| 442             | 141             |
| 443             | 142             |
| 444             | 143             |
| 445             | 144             |
| 446             | 145             |
| 447             | 146             |
| 448             | 147             |
| 449             | 148             |
| 450             | 149             |
| 451             | 150             |
| 452             | 151             |
| 453             | 152             |
| 454             | 153             |
| 455             | 154             |
| 456             | 155             |
| 457             | 156             |
| 458             | 157             |
| 459             | 158             |
| 460             | 159             |
| 461             | 160             |
| 462             | 161             |
| 463             | 162             |
| 464             | 163             |
| 465             | 164             |
| 466             | 165             |
| 467             | 166             |
| 468             | 167             |
| 469             | 168             |
| 470             | 169             |
| 471             | 170             |
| 472             | 171             |
| 473             | 172             |
| 474             | 173             |
| 475             | 174             |
| 476             | 175             |
| 477             | 176             |
| 478             | 177             |
| 479             | 178             |
| 480             | 179             |
| 481             | 180             |
| 482             | 181             |
| 483             | 182             |
| 484             | 183             |
| 485             | 184             |
| 486             | 185             |
| 487             | 186             |
| 488             | 187             |
| 489             | 188             |
| 490             | 189             |
| 491             | 190             |
| 492             | 191             |
| 493             | 192             |
| 494             | 193             |
| 495             | 194             |
| 496             | 195             |
| 497             | 196             |
| 498             | 197             |
| 499             | 198             |
| 500             | 199             |
|                 | 200             |
|                 | 201             |
|                 | 202             |
|                 | 203             |
|                 | 204             |
|                 | 205             |
|                 | 206             |
|                 | 207             |
|                 | 208             |
|                 | 209             |
|                 | 210             |
|                 | 211             |
|                 | 212             |
|                 | 213             |
|                 | 214             |
|                 | 215             |
|                 | 216             |
|                 | 217             |
|                 | 218             |
|                 | 219             |
|                 | 220             |
|                 | 221             |
|                 | 222             |
|                 | 223             |
|                 | 224             |
|                 | 225             |
|                 | 226             |
|                 | 227             |
|                 | 228             |
|                 | 229             |
|                 | 230             |
|                 | 231             |
|                 | 232             |
|                 | 233             |
|                 | 234             |
|                 | 235             |
|                 | 236             |
|                 | 237             |
|                 | 238             |
|                 | 239             |
|                 | 240             |
|                 | 241             |
|                 | 242             |
|                 | 243             |
|                 | 244             |
|                 | 245             |
|                 | 246             |
|                 | 247             |
|                 | 248             |
|                 | 249             |
|                 | 250             |
|                 | 251             |
|                 | 252             |
|                 | 253             |
|                 | 254             |
|                 | 255             |
|                 | 256             |
|                 | 257             |
|                 | 258             |
|                 | 259             |
|                 | 260             |
|                 | 261             |
|                 | 262             |
|                 | 263             |
|                 | 264             |
|                 | 265             |
|                 | 266             |
|                 | 267             |
|                 | 268             |
|                 | 269             |
|                 | 270             |
|                 | 271             |
|                 | 272             |
|                 | 273             |
|                 | 274             |
|                 | 275             |
|                 | 276             |
|                 | 277             |
|                 | 278             |
|                 | 279             |
|                 | 280             |
|                 | 281             |
|                 | 282             |
|                 | 283             |
|                 | 284             |
|                 | 285             |
|                 | 286             |
|                 | 287             |
|                 | 288             |
|                 | 289             |
|                 | 290             |
|                 | 291             |
|                 | 292             |
|                 | 293             |
|                 | 294             |
|                 | 295             |
|                 | 296             |
|                 | 297             |
|                 | 298             |
|                 | 299             |
|                 | 300             |
|                 | 301             |
|                 | 302             |
|                 | 335             |
|                 | 341             |
|                 | 342             |
|                 | 343             |
|                 | 344             |
|                 | 345             |
|                 | 346             |
-------------------------------------
